name: genseed-hmm
channels:
  - bioconda
  - r
  - defaults
  - conda-forge
dependencies:
  - _libgcc_mutex=0.1=main
  - abyss=2.1.5=h3f2a3d2_1
  - atk=2.32.0=haf93ef1_0
  - blas=1.0=mkl
  - blast=2.9.0=h20b68b9_1
  - boost=1.68.0=py37h8619c78_1001
  - boost-cpp=1.68.0=h11c811c_1000
  - bowtie2=2.3.5=py37he860b03_0
  - bz2file=0.98=py37_1
  - bzip2=1.0.7=h7b6447c_0
  - ca-certificates=2019.5.15=0
  - cairo=1.16.0=h18b612c_1001
  - certifi=2019.6.16=py37_0
  - chrpath=0.16=h14c3975_1001
  - cutadapt=2.4=py37h14c3975_0
  - cython=0.29.11=py37he6710b0_0
  - dbus=1.13.6=he372182_0
  - dnaio=0.3=py37h14c3975_1
  - emboss=6.6.0=h6debe1e_0
  - expat=2.2.6=he6710b0_0
  - fastx_toolkit=0.0.14=hfc679d8_7
  - fontconfig=2.13.1=he4413a7_1000
  - freetype=2.9.1=h8a8886c_1
  - gdk-pixbuf=2.32.2=1
  - gettext=0.19.8.1=hd7bead4_3
  - giflib=5.1.4=h14c3975_1
  - glib=2.58.3=h6f030ca_1001
  - gmp=6.1.2=h6c8ec71_1
  - gnuplot=5.2.7=h213187a_0
  - gnutls=3.6.5=hd3a4fd2_1002
  - gobject-introspection=1.58.2=py37h5503ade_1001
  - graphite2=1.3.13=h23475e2_0
  - gst-plugins-base=1.14.5=h0935bb2_0
  - gstreamer=1.14.5=h36ae1b5_0
  - gtk2=2.24.31=h4934977_1002
  - harfbuzz=2.4.0=h37c48d4_1
  - hmmer=3.2.1=hf484d3e_1
  - icu=58.2=h9c2bf20_1
  - intel-openmp=2019.4=243
  - jpeg=9c=h14c3975_1001
  - libedit=3.1.20181209=hc058e9b_0
  - libffi=3.2.1=hd88cf55_4
  - libgcc=7.2.0=h69d50b8_2
  - libgcc-ng=9.1.0=hdf63c60_0
  - libgd=2.2.5=hceca4fd_3
  - libgfortran-ng=7.3.0=hdf63c60_0
  - libgtextutils=0.7=hf484d3e_5
  - libiconv=1.15=h63c8f33_5
  - libpng=1.6.37=hbc83047_0
  - libstdcxx-ng=9.1.0=hdf63c60_0
  - libtiff=4.0.10=h2733197_2
  - libuuid=2.32.1=h14c3975_1000
  - libwebp=1.0.1=h8e7db2f_0
  - libxcb=1.13=h1bed415_1
  - libxml2=2.9.9=hea5a465_1
  - make=4.2.1=h1bed415_1
  - mkl=2019.4=243
  - mkl_fft=1.0.12=py37ha843d7b_0
  - mkl_random=1.0.2=py37hd81dba3_0
  - mpi=1.0=openmpi
  - ncurses=6.1=he6710b0_1
  - nettle=3.4.1=h1bed415_1002
  - numpy=1.16.4=py37h7e9f1db_0
  - numpy-base=1.16.4=py37hde5b4d6_0
  - openjdk=8.0.152=h46b5887_1
  - openmpi=3.1.4=hc99cbb1_0
  - openssl=1.1.1c=h7b6447c_1
  - pango=1.40.14=he7ab937_1005
  - pcre=8.43=he6710b0_0
  - perl=5.26.2=h14c3975_0
  - perl-archive-tar=2.32=pl526_0
  - perl-carp=1.38=pl526_3
  - perl-common-sense=3.74=pl526_2
  - perl-compress-raw-bzip2=2.086=pl526hf484d3e_0
  - perl-compress-raw-zlib=2.086=pl526h6bb024c_1
  - perl-exporter=5.72=pl526_1
  - perl-exporter-tiny=1.002001=pl526_0
  - perl-extutils-makemaker=7.36=pl526_1
  - perl-gd=2.71=pl526he860b03_0
  - perl-gdgraph=1.54=pl526_0
  - perl-gdgraph-histogram=1.1=pl526_3
  - perl-gdtextutil=0.86=pl526h14c3975_5
  - perl-io-compress=2.086=pl526hf484d3e_0
  - perl-io-zlib=1.10=pl526_2
  - perl-json=4.02=pl526_0
  - perl-json-xs=2.34=pl526h6bb024c_3
  - perl-list-moreutils=0.428=pl526_1
  - perl-list-moreutils-xs=0.428=pl526_0
  - perl-pathtools=3.75=pl526h14c3975_1
  - perl-perlio-gzip=0.20=pl526h84994c4_1
  - perl-scalar-list-utils=1.50=pl526h14c3975_0
  - perl-types-serialiser=1.0=pl526_2
  - perl-xsloader=0.24=pl526_0
  - pigz=2.4=h84994c4_0
  - pip=19.1.1=py37_0
  - pixman=0.38.0=h7b6447c_0
  - python=3.7.3=h0371630_0
  - qt=5.9.7=h52cfd70_2
  - readline=7.0=h7b6447c_5
  - samtools=0.1.19=h94a8ba4_6
  - setuptools=41.0.1=py37_0
  - soapdenovo2=2.40=1
  - sqlite=3.28.0=h7b6447c_0
  - sra-tools=2.9.6=hf484d3e_0
  - tablet=1.17.08.17=1
  - tbb=2019.7=hc9558a2_0
  - tk=8.6.8=hbc83047_0
  - velvet=1.2.10=h470a237_2
  - wheel=0.33.4=py37_0
  - xopen=0.7.3=py_0
  - xorg-kbproto=1.0.7=h14c3975_1002
  - xorg-libice=1.0.9=h516909a_1004
  - xorg-libsm=1.2.3=h84519dc_1000
  - xorg-libx11=1.6.7=h14c3975_1000
  - xorg-libxext=1.3.4=h516909a_0
  - xorg-libxrender=0.9.10=h516909a_1002
  - xorg-libxt=1.2.0=h516909a_0
  - xorg-renderproto=0.11.1=h14c3975_1002
  - xorg-xextproto=7.3.0=h14c3975_1002
  - xorg-xproto=7.0.31=h14c3975_1007
  - xz=5.2.4=h14c3975_4
  - zlib=1.2.11=h7b6447c_3
  - zstd=1.3.7=h0b5b093_0
prefix: /mnt/home/quensenj/miniconda3/envs/genseed-hmm

